104
2 12.60 15.00
1 S 1 1 0.08
1 D 1 1 0.08
7 0 100.00
2 10.40 22.60
2 19.40 33.40
2 30.00 40.00
1 S 0 0
2 60.00 80.00
1 D 1 1 0.1
6 0 30.00
6 1 40.00
6 2 50.00
2 50.00 40.00
1 D 0 0
2 44.80 53.60
2 73.20 23.40
1 S 0 0
7 1 80.00
2 22.80 66.20
2 68.80 45.20
2 15.80 44.40
1 S 1 1 0.09
2 55.60 23.40
2 45.60 15.80
2 52.40 34.20
1 S 1 1 0.1
7 2 50.00
2 75.60 66.60
2 46.20 75.40
1 D 0 0
2 44.00 65.00
2 35.00 57.40
7 6 40.00
7 7 12.00
2 16.00 76.00
2 10.00 10.00
6 3 60.00
7 4 100.00
7 5 90.00
2 76.00 54.40
2 82.80 35.40
7 8 50.00
2 83.20 14.60
2 55.20 5.20
2 42.40 33.80
3 1 10.00 10.00 50.00 70.00
3 2 0.00 0.00 100.00 90.00
3 1 10.00 40.00 60.00 80.00
3 1 5.00 5.20 33.70 78.00
3 1 64.00 4.00 92.50 75.00
3 1 0.00 0.00 100.00 40.00
3 1 41.00 0.00 100.00 40.00
2 120.00 130.00
4 0 1 3
4 1 1 3
4 2 1 3
4 3 1 3
4 4 1 3
4 5 1 3
4 5 7 2 1
4 7 23 2 1
4 7 1 2 1
4 3 25 3
4 0 23 3
4 0 0 3
4 0 23 3
4 0 20 3
4 0 23 3
4 0 0 1 0
4 4 4 1 3
4 6 5 1 1
4 8 7 1 0
4 8 20 1 5
4 6 4 3
6 6 200.00
4 6 4 3
4 8 19 2 1
4 8 9 1 3
4 8 7 1 0
4 8 13 1 0
4 8 8 1 6
4 8 15 3
4 4 16 3
4 2 20 2 1
4 2 1 2 1
4 6 10 3
4 2 22 1 5
4 2 21 1 4
4 2 16 1 4
4 2 26 2 1
4 2 26 3
4 4 26 3
4 0 26 3
6 0 50.00
4 0 26 3
4 3 26 2 1
4 3 4 1 4
4 3 17 1 0
4 1 14 2 1
4 2 26 3
4 2 26 2 1
4 2 26 1 0
4 1 7 2 1